1880.38812500000	29.5381249999997
1879.75125000000	30.1749999999997
1881.28812500000	31.7118749999997
1880.16812500000	35.9081249999997
1885.11250000000	30.9637499999997
1881.71562500000	28.8406249999997
1880.28312500000	42.6031249999996
1879.27562500000	43.6106249999997
1882.40062500000	48.7506249999997
1873.05687500000	42.6881249999997
1878.45937500000	44.8093749999997
1876.86875000000	41.9524999999998
1871.26437500000	43.4356249999997
1869.62500000000	45.0749999999997
1871.68562500000	47.1356249999997
1865.59750000000	50.1474999999996
1865.59750000000	50.1474999999996
1867.47000000000	52.0199999999996
1860.52500000000	54.8812499999997
1857.58375000000	64.9799999999997
1855.78437500000	72.9343749999996
1852.53937500000	76.1793749999996
1847.68125000000	81.0374999999997
1847.72000000000	82.3549999999998
1848.24000000000	84.1562499999998
1841.85500000000	87.4649999999997
1839.83187500000	85.4418749999997
1841.85500000000	87.4649999999997
1840.91375000000	89.7499999999997
1843.13500000000	86.1849999999997
1840.73437500000	83.7843749999997
1835.62937500000	91.5693749999997
1835.62937500000	91.5693749999997
1831.07437500000	93.4443749999996
1830.07062500000	98.8606249999996
1830.07062500000	98.8606249999996
1830.44562500000	95.4143749999997
1833.35187500000	92.5081249999997
1833.35187500000	92.5081249999997
1828.36250000000	91.3624999999997
1824.50687500000	95.2181249999997
1822.23187500000	96.1518749999997
1826.80625000000	99.4399999999996
1827.47812500000	100.111875000000
1828.14875000000	100.782500000000
1828.14875000000	100.782500000000
1830.35500000000	102.988750000000
1827.53062500000	102.739375000000
1822.72500000000	107.545000000000
1818.70000000000	105.430000000000
1819.09250000000	101.971250000000
1821.03812500000	101.361875000000
1820.35687500000	89.8031249999997
1826.50250000000	86.3224999999997
1828.46750000000	78.6387499999997
1826.63812500000	77.4168749999998
1819.26562500000	72.6093749999996
1816.22812500000	69.5718749999996
1811.16562500000	71.6006249999998
1812.47187500000	71.6281249999997
1813.11000000000	70.9899999999998
1811.68812500000	66.3518749999997
1812.08187500000	62.9318749999997
1809.05937500000	59.9093749999997
1802.93187500000	63.3668749999997
1796.51187500000	69.7868749999997
1797.57500000000	74.0537499999997
1788.51500000000	77.7837499999997
1785.23687500000	77.6968749999997
1770.36937500000	89.5506249999997
1761.35375000000	86.8699999999998
1754.83187500000	86.6731249999998
1743.94500000000	91.5549999999997
1736.69562500000	94.4543749999997
1726.75312500000	90.7918749999997
1725.18500000000	92.3599999999997
1725.21375000000	93.6799999999997
1721.48062500000	93.0806249999996
1714.55687500000	92.4168749999996
1710.59062500000	93.4093749999997
1710.95937500000	93.0406249999998
1707.98937500000	90.0706249999998
1700.53562500000	95.6256249999996
1695.24062500000	100.920625000000
1690.59625000000	105.565000000000
1692.54312500000	104.956875000000
1680.58812500000	99.1818749999997
1678.17500000000	97.3099999999997
1670.46812500000	99.3881249999998
1666.73562500000	101.264375000000
1654.32562500000	94.9943749999997
1645.98250000000	94.5737499999997
1643.41000000000	101.170000000000
1636.68062500000	107.899375000000
1626.57062500000	109.939375000000
1625.35375000000	110.485000000000
1602.84875000000	100.872500000000
1595.75750000000	96.8024999999998
1590.48437500000	96.2906249999996
1585.96750000000	100.807500000000
1574.31500000000	95.1649999999996
1570.70000000000	91.5499999999996
1565.85937500000	99.1506249999997
1564.36500000000	100.645000000000
1560.06937500000	96.3493749999997
1558.44875000000	95.9974999999997
1556.54000000000	91.0999999999997
1562.41062500000	93.0893749999997
1571.73000000000	89.1199999999996
1576.73312500000	88.1031249999997
1586.25937500000	49.1093749999996
1585.48812500000	47.0618749999997
1564.00750000000	68.5424999999997
1562.59937500000	67.1343749999996
1547.06750000000	77.0412499999996
1540.48312500000	70.9381249999997
1524.76250000000	67.1374999999997
1518.15250000000	68.1924999999998
1479.23375000000	104.337500000000
1471.96187500000	104.518125000000
1461.86000000000	114.620000000000
1447.94687500000	129.728125000000
1440.08937500000	133.250625000000
1420.62187500000	130.778125000000
1403.98500000000	145.990000000000
1399.23500000000	145.285000000000
1392.32187500000	146.753125000000
1384.10437500000	144.110625000000
1378.00062500000	147.599375000000
1368.54625000000	138.145000000000
1364.52812500000	136.903125000000
1351.74562500000	142.984375000000
1340.99000000000	139.010000000000
1333.64750000000	135.687500000000
1326.85312500000	137.146875000000
1313.31312500000	140.046875000000
1303.27000000000	143.448750000000
1289.27000000000	148.130000000000
1285.99000000000	151.410000000000
1281.99437500000	150.120625000000
1262.03062500000	150.319375000000
1255.46750000000	155.607500000000
1244.93000000000	145.070000000000
1231.55187500000	155.733125000000
1226.28750000000	158.393750000000
1211.89750000000	153.266250000000
1206.64000000000	155.940000000000
1201.40312500000	154.653125000000
1183.31312500000	147.093125000000
1169.53500000000	151.665000000000
1147.94562500000	148.345625000000
1140.83312500000	152.926875000000
1137.04375000000	149.137500000000
1137.26000000000	151.940000000000
1117.42250000000	150.316250000000
1106.15562500000	145.525625000000
1091.47062500000	157.729375000000
1085.17812500000	154.121875000000
1079.59187500000	156.151875000000
1067.19812500000	151.351875000000
1053.72125000000	156.852500000000
1033.16000000000	143.060000000000
1022.36000000000	153.860000000000
1019.21187500000	153.203125000000
994.760000000000	164.240000000000
990.280625000000	162.530625000000
974.185000000000	160.105000000000
955.895625000000	153.335625000000
946.709375000000	158.759375000000
929.206875000000	162.206875000000
921.620625000000	163.714375000000
911.856250000000	167.407500000000
904.145625000000	163.524375000000
894.716875000000	163.186875000000
886.970000000000	162.606250000000
869.870000000000	164.230000000000
864.908125000000	164.018125000000
855.023750000000	156.505000000000
845.265625000000	167.085625000000
826.535000000000	165.066250000000
814.015000000000	163.360000000000
807.570625000000	166.849375000000
793.650000000000	159.885000000000
784.263125000000	158.088125000000
778.558125000000	160.788125000000
761.220625000000	161.790625000000
751.112500000000	153.963750000000
748.483125000000	156.593125000000
731.361250000000	150.055000000000
726.148125000000	149.371875000000
707.480000000000	159.980000000000
693.155000000000	164.405000000000
682.540000000000	168.790000000000
663.767500000000	153.767500000000
656.057500000000	155.098750000000
646.033125000000	150.373125000000
620.954375000000	160.660625000000
604.305000000000	162.985000000000
594.197500000000	163.093750000000
574.802500000000	154.333750000000
558.978750000000	153.460000000000
548.842500000000	147.598750000000
536.995625000000	137.350625000000
517.967500000000	142.247500000000
507.644375000000	148.905625000000
494.470000000000	154.070000000000
486.868750000000	152.697500000000
474.415625000000	148.375625000000
457.150000000000	135.250000000000
435.389375000000	128.704375000000
422.721875000000	132.468125000000
403.824375000000	138.144375000000
388.911250000000	135.290000000000
375.400000000000	144.931250000000
372.590625000000	145.809375000000
362.387500000000	139.293750000000
354.728750000000	139.302500000000
334.175000000000	144.783750000000
312.031250000000	130.490000000000
297.652500000000	131.827500000000
276.783125000000	149.046875000000
271.229375000000	154.600625000000
258.340625000000	154.600625000000
246.127500000000	157.567500000000
223.996250000000	148.197500000000
209.470000000000	142.690000000000
193.585625000000	151.064375000000
188.997500000000	155.652500000000
171.251875000000	156.451875000000
156.599375000000	147.330625000000
126.850625000000	141.710625000000
119.620625000000	141.910625000000
113.231250000000	141.112500000000
96.5524999999996	146.941250000000
86.2931249999997	155.251875000000
62.4049999999997	159.515000000000
40.8962499999997	143.677500000000
29.4849999999997	145.425000000000
14.6849999999997	143.456250000000
7.89312499999966	148.236875000000
-14.9993750000003	161.720625000000
-38.9581250000003	156.998125000000
-51.7768750000003	155.376875000000
-58.5737500000003	148.580000000000
-68.1925000000003	144.987500000000
-81.0350000000003	150.845000000000
-94.4762500000004	143.172500000000
-123.245625000000	150.139375000000
-140.901250000000	160.370000000000
-154.357500000000	158.976250000000
-170.065000000000	152.865000000000
-192.823750000000	161.720000000000
-203.436875000000	157.403125000000
-217.356875000000	164.816875000000
-236.860000000000	164.360000000000
-248.391250000000	165.552500000000
-300.791875000000	189.258125000000
-318.882500000000	186.382500000000
-333.928125000000	190.246875000000
-351.063750000000	202.892500000000
-368.853125000000	208.636875000000
-375.600625000000	203.320625000000
-399.240000000000	196.728750000000
-414.238750000000	201.207500000000
-427.721875000000	203.196875000000
-443.575000000000	206.015000000000
-461.215000000000	202.085000000000
-467.614375000000	200.275625000000
-478.886875000000	198.686875000000
-494.820625000000	194.309375000000
-511.309375000000	192.209375000000
-537.087500000000	196.932500000000
-543.984375000001	197.134375000000
-573.708125000001	192.978125000000
-577.030000000000	186.530000000000
-586.193750000000	190.395000000000
-611.345000000001	187.035000000000
-624.172500000001	185.012500000000
-629.605000000001	190.445000000000
-642.735625000001	182.234375000000
-659.696250000000	195.292500000000
-672.205000000000	205.294999999999
-689.395625000001	212.435625000000
-698.926875000000	206.816875000000
-710.581250000000	202.987500000000
-717.753125000000	203.446875000000
-727.963125000000	203.446875000000
-734.833125000000	199.316875000000
-781.967500000000	192.192500000000
-798.421875000001	191.578125000000
-812.997500000000	192.913750000000
-823.618125000000	188.861875000000
-832.807500000001	186.248750000000
-861.297500000001	197.377500000000
-863.975000000001	194.699999999999
-882.725000000001	191.929999999999
-887.410000000000	193.913750000000
-903.561875000000	199.241874999999
-912.415625000000	189.064374999999
-926.620000000001	200.540000000000
-935.563750000001	187.617500000000
-943.765625000001	195.765624999999
-949.263125000001	193.001874999999
-978.249375000001	168.159375000000
-995.528125000001	179.838124999999
-1000.45375000000	176.344999999999
-1016.44750000000	185.382499999999
-1026.29937500000	175.644374999999
-1033.51500000000	171.333749999999
-1043.28000000000	175.599999999999
-1058.69500000000	185.734999999999
-1071.92500000000	183.874999999999
-1075.78750000000	185.712499999999
-1088.09187500000	167.978124999999
-1104.91687500000	168.013125000000
-1110.65187500000	173.748125000000
-1114.97500000000	175.175000000000
-1122.84750000000	175.946249999999
-1137.40250000000	164.277499999999
-1142.43125000000	166.379999999999
-1146.93750000000	170.562499999999
-1146.42500000000	173.976249999999
-1150.69000000000	175.309999999999
-1157.96812500000	182.588124999999
-1159.88625000000	177.974999999999
-1172.24562500000	189.035624999999
-1178.13062500000	194.920624999999
-1186.96187500000	194.943124999999
-1198.49687500000	200.593124999999
-1197.12687500000	199.223124999999
-1194.56125000000	199.257499999999
-1196.90500000000	192.754999999999
-1211.19062500000	205.390624999999
-1217.63000000000	208.873749999999
-1232.50750000000	200.011249999999
-1238.51750000000	203.042499999999
-1245.99687500000	198.581874999999
-1255.48000000000	198.699999999999
-1274.37687500000	171.433124999999
-1279.42812500000	165.196874999999
-1297.21750000000	163.786249999999
-1315.41250000000	151.181249999999
-1316.27500000000	153.364999999999
-1317.83312500000	156.246874999999
-1318.55750000000	158.297499999999
-1317.89312500000	158.961874999999
-1319.91250000000	170.247499999999
-1322.09500000000	174.184999999999
-1318.63562500000	170.725624999999
-1318.08625000000	166.204999999999
-1323.67500000000	159.443749999999